方案                  6 格亮度 (左列上→右列下)                              极差(最亮:最暗)
V0_current           0.295 0.257 0.230 0.182 0.182 0.157   1.67:1
C1_tight             0.295 0.268 0.230 0.198 0.160 0.124   1.98:1
C2_medium            0.372 0.316 0.230 0.186 0.124 0.090   3.02:1
C3_deep              0.514 0.372 0.266 0.166 0.102 0.048   5.76:1
C4_extreme           0.660 0.514 0.230 0.124 0.039 0.012   11.43:1
R11_random           0.186 0.124 0.090 0.316 0.372 0.230   3.02:1
R27_random           0.316 0.090 0.372 0.230 0.186 0.124   3.02:1
R43_random           0.372 0.090 0.124 0.186 0.230 0.316   3.02:1
R61_random           0.372 0.230 0.124 0.316 0.090 0.186   3.02:1
